---------------TABLA---------------
N || Xn || Rn
-----------------------------------
0 || 530 || 0.087243
-----------------------------------
1 || 1505 || 0.247737
-----------------------------------
2 || 1580 || 0.260082
-----------------------------------
3 || 3455 || 0.568724
-----------------------------------
4 || 1730 || 0.284774
-----------------------------------
5 || 1130 || 0.186008
-----------------------------------
6 || 4355 || 0.716872
-----------------------------------
7 || -37 || -0.006091
-----------------------------------
8 || -3856 || -0.634733
-----------------------------------
9 || -1645 || -0.270782
-----------------------------------
10 || -4204 || -0.692016
-----------------------------------
11 || -2083 || -0.342881
-----------------------------------
12 || -2032 || -0.334486
-----------------------------------
13 || -2701 || -0.444609
-----------------------------------
14 || -715 || -0.117695
-----------------------------------
15 || -2824 || -0.464856
-----------------------------------
16 || -1603 || -0.263868
-----------------------------------
17 || 215 || 0.035391
-----------------------------------
18 || 4565 || 0.751440
-----------------------------------
19 || -2077 || -0.341893
-----------------------------------
20 || -1396 || -0.229794
-----------------------------------
21 || -2110 || -0.347325
-----------------------------------
22 || 1148 || 0.188971
-----------------------------------
23 || 188 || 0.030947
-----------------------------------
24 || 1703 || 0.280329
-----------------------------------
25 || 4343 || 0.714897
-----------------------------------
26 || -1309 || -0.215473
-----------------------------------
27 || -5038 || -0.829300
-----------------------------------
28 || 605 || 0.099588
-----------------------------------
29 || 3380 || 0.556379
-----------------------------------
30 || -112 || -0.018436
-----------------------------------
31 || -5731 || -0.943374
-----------------------------------
32 || 47 || 0.007737
-----------------------------------
33 || 4982 || 0.820082
-----------------------------------
34 || -400 || -0.065844
-----------------------------------
35 || 158 || 0.026008
-----------------------------------
36 || 4598 || 0.756872
-----------------------------------
37 || 1388 || 0.228477
-----------------------------------
38 || 1328 || 0.218601
-----------------------------------
39 || 1043 || 0.171687
-----------------------------------
40 || 1208 || 0.198848
-----------------------------------
41 || 473 || 0.077860
-----------------------------------
42 || 1538 || 0.253169
-----------------------------------
43 || 5078 || 0.835885
-----------------------------------
44 || -2374 || -0.390782
-----------------------------------
45 || -2503 || -0.412016
-----------------------------------
46 || -4027 || -0.662881
-----------------------------------
47 || -1546 || -0.254486
-----------------------------------
48 || 182 || 0.029959
-----------------------------------
49 || 1067 || 0.175638
-----------------------------------
50 || 3752 || 0.617613
-----------------------------------
51 || 2837 || 0.466996
-----------------------------------
52 || 3047 || 0.501564
-----------------------------------
53 || 1007 || 0.165761
-----------------------------------
54 || 3467 || 0.570700
-----------------------------------
55 || 3002 || 0.494156
-----------------------------------
56 || 2312 || 0.380576
-----------------------------------
57 || 2072 || 0.341070
-----------------------------------
58 || 932 || 0.153416
-----------------------------------
59 || 1592 || 0.262058
-----------------------------------
60 || 4727 || 0.778107
-----------------------------------
61 || 2912 || 0.479342
-----------------------------------
62 || -1120 || -0.184362
-----------------------------------
63 || -3229 || -0.531523
-----------------------------------
64 || -2008 || -0.330535
-----------------------------------
65 || -157 || -0.025844
-----------------------------------
66 || -4426 || -0.728560
-----------------------------------
67 || -1315 || -0.216461
-----------------------------------
68 || 368 || 0.060576
-----------------------------------
69 || 2558 || 0.421070
-----------------------------------
70 || 3848 || 0.633416
-----------------------------------
71 || 863 || 0.142058
-----------------------------------
72 || 353 || 0.058107
-----------------------------------
73 || 968 || 0.159342
-----------------------------------
74 || 5408 || 0.890206
-----------------------------------
75 || 2198 || 0.361811
-----------------------------------
76 || 2138 || 0.351934
-----------------------------------
77 || 1853 || 0.305021
-----------------------------------
78 || 2018 || 0.332181
-----------------------------------
79 || 1283 || 0.211193
-----------------------------------
80 || 2348 || 0.386502
-----------------------------------
81 || -154 || -0.025350
-----------------------------------
82 || -4108 || -0.676214
-----------------------------------
83 || 1985 || 0.326749
-----------------------------------
84 || 3860 || 0.635391
-----------------------------------
85 || 2135 || 0.351440
-----------------------------------
86 || 1535 || 0.252675
-----------------------------------
87 || 4760 || 0.783539
-----------------------------------
88 || 335 || 0.055144
-----------------------------------
89 || 5135 || 0.845267
-----------------------------------
90 || -2407 || -0.396214
-----------------------------------
91 || 41 || 0.006749
-----------------------------------
92 || 4346 || 0.715391
-----------------------------------
93 || -991 || -0.163128
-----------------------------------
94 || -1705 || -0.280658
-----------------------------------
95 || -4489 || -0.738930
-----------------------------------
96 || -1918 || -0.315720
-----------------------------------
97 || -2767 || -0.455473
-----------------------------------
98 || -1636 || -0.269300
-----------------------------------
99 || -3250 || -0.534979
-----------------------------------
100 || 1808 || 0.297613
-----------------------------------
101 || 3323 || 0.546996
-----------------------------------
102 || -79 || -0.013004
-----------------------------------
103 || -2233 || -0.367572
-----------------------------------
104 || 260 || 0.042798
-----------------------------------
105 || 3260 || 0.536626
-----------------------------------
106 || -682 || -0.112263
-----------------------------------
107 || -5401 || -0.889053
-----------------------------------
108 || -1390 || -0.228807
-----------------------------------
109 || -1474 || -0.242634
-----------------------------------
110 || -4303 || -0.708313
-----------------------------------
111 || -427 || -0.070288
-----------------------------------
112 || -2671 || -0.439671
-----------------------------------
113 || -3610 || -0.594239
-----------------------------------
114 || 98 || 0.016132
-----------------------------------
115 || 4313 || 0.709959
-----------------------------------
116 || 1553 || 0.255638
-----------------------------------
117 || 593 || 0.097613
-----------------------------------
118 || 2108 || 0.346996
-----------------------------------
119 || 4748 || 0.781564
-----------------------------------
120 || -904 || -0.148807
-----------------------------------
121 || -4633 || -0.762634
-----------------------------------
122 || 1010 || 0.166255
-----------------------------------
123 || 3785 || 0.623045
-----------------------------------
